0.0 0.0 0.0 0.0 0.0 0.98729407787323 0.767352819442749 0.7240687012672424 0.7633657455444336 0.0 0.0 0.0 0.0 0.0 0.0 0.0 0.0 0.0 0.0 0.0 0.0 0.0 0.0 0.0 0.0 0.0 0.0 0.0 
0.0 0.0 0.0 0.0 0.0 0.9589391946792603 0.8958470821380615 0.8986347317695618 0.9728134870529175 0.690883219242096 0.6814345717430115 0.0 0.0 0.0 0.0 0.0 0.0 0.0 0.0 0.0 0.0 0.0 0.0 0.0 0.0 0.0 0.0 0.0 
0.0 0.0 0.0 0.0 0.0 0.5220598578453064 0.7256554365158081 0.9689581990242004 0.6900253891944885 0.65923672914505 0.754734992980957 0.9807469248771667 0.0 0.0 0.0 0.0 0.0 0.0 0.0 0.0 0.0 0.0 0.0 0.0 0.0 0.0 0.0 0.0 
0.0 0.0 0.0 0.0 0.0 0.0 0.0 0.9970729351043701 0.7977690100669861 0.575152575969696 0.8385844826698303 0.6485130786895752 0.7912989854812622 0.565009355545044 0.0 0.0 0.0 0.0 0.0 0.0 0.0 0.0 0.0 0.0 0.0 0.0 0.0 0.0 
0.0 0.0 0.0 0.0 0.0 0.0 0.0 0.0 0.5121507048606873 0.7807956337928772 0.6856439709663391 0.7609643340110779 0.5999632477760315 0.675297200679779 0.7348964810371399 0.8413943648338318 0.0 0.0 0.0 0.0 0.0 0.0 0.0 0.0 0.0 0.0 0.0 0.0 
0.0 0.0 0.0 0.0 0.0 0.0 0.0 0.0 0.0 0.0 0.5331889986991882 0.9408283829689026 0.5259572267532349 0.8024960160255432 0.7322605848312378 0.6640177965164185 0.8941795825958252 0.0 0.0 0.0 0.0 0.0 0.0 0.0 0.0 0.0 0.0 0.0 
0.0 0.0 0.0 0.0 0.0 0.0 0.0 0.0 0.0 0.0 0.0 0.0 0.7516427040100098 0.869219958782196 0.529562771320343 0.7256718873977661 0.8673055768013 0.7536561489105225 0.6995450258255005 0.0 0.0 0.0 0.0 0.0 0.0 0.0 0.0 0.0 
0.0 0.0 0.0 0.0 0.0 0.0 0.0 0.0 0.0 0.0 0.0 0.0 0.0 0.0 0.9061650633811951 0.5662025213241577 0.790424108505249 0.6701010465621948 0.6537748575210571 0.8475667834281921 0.5076866149902344 0.0 0.0 0.0 0.0 0.0 0.0 0.0 
0.0 0.0 0.0 0.5799387097358704 0.9369391202926636 0.9558688402175903 0.968677818775177 0.7575212717056274 0.9608528017997742 0.5638629794120789 0.6166361570358276 0.6999073028564453 0.5519067049026489 0.0 0.0 0.8532073497772217 0.990445613861084 0.8743295669555664 0.6637362837791443 0.645945131778717 0.5371231436729431 0.67677241563797 0.0 0.0 0.0 0.0 0.0 0.0 
0.0 0.8926734328269958 0.5834139585494995 0.8681172728538513 0.6890164613723755 0.9433999061584473 0.961956799030304 0.5318822860717773 0.9438554644584656 0.8306211233139038 0.5297697186470032 0.9148175716400146 0.5028157830238342 0.5369063019752502 0.8030025959014893 0.8813812136650085 0.5205355882644653 0.9944503307342529 0.8347532749176025 0.9044790267944336 0.9400420188903809 0.6900619864463806 0.0 0.0 0.0 0.0 0.0 0.0 
0.0 0.6165117621421814 0.5164015293121338 0.623940110206604 0.640500009059906 0.9740404486656189 0.7064830660820007 0.7291214466094971 0.8058900237083435 0.9185991287231445 0.9953593015670776 0.9010583162307739 0.501885175704956 0.6585999727249146 0.8357647061347961 0.6338791251182556 0.7903730273246765 0.51969975233078 0.8496958613395691 0.9114560484886169 0.9787799715995789 0.9543678164482117 0.0 0.0 0.0 0.0 0.0 0.0 
0.0 0.5522804856300354 0.6291391253471375 0.569970428943634 0.6983159780502319 0.6991307735443115 0.5464857816696167 0.6695197820663452 0.758093535900116 0.5677571296691895 0.9150623679161072 0.7673903703689575 0.7459298372268677 0.6942024827003479 0.9978499412536621 0.6600638628005981 0.7485833764076233 0.735957145690918 0.9357012510299683 0.6178775429725647 0.5996246933937073 0.8493696451187134 0.0 0.0 0.0 0.0 0.0 0.0 
0.0 0.0 0.0 0.0 0.0 0.6643275618553162 0.9024892449378967 0.585404634475708 0.6664900779724121 0.6611219048500061 0.7981889247894287 0.789221465587616 0.7496793270111084 0.9962964057922363 0.0 0.0 0.0 0.0 0.0 0.0 0.0 0.0 0.0 0.0 0.0 0.0 0.0 0.0 
0.0 0.0 0.0 0.0 0.0 0.0 0.0 0.0 0.8817596435546875 0.67271888256073 0.9158888459205627 0.5192374587059021 0.9288960695266724 0.8682341575622559 0.8325888514518738 0.768825113773346 0.0 0.0 0.0 0.0 0.0 0.0 0.0 0.0 0.0 0.0 0.0 0.0 
0.0 0.0 0.0 0.0 0.0 0.0 0.0 0.0 0.0 0.0 0.9713969826698303 0.8524161577224731 0.9433155059814453 0.7809540629386902 0.5651403665542603 0.8014487028121948 0.9983521699905396 0.0 0.0 0.0 0.0 0.0 0.0 0.0 0.0 0.0 0.0 0.0 
0.0 0.0 0.0 0.0 0.0 0.0 0.0 0.0 0.0 0.0 0.0 0.0 0.6323702335357666 0.6787774562835693 0.7615377306938171 0.54009610414505 0.6989760398864746 0.0 0.0 0.0 0.0 0.0 0.0 0.0 0.0 0.0 0.0 0.0 
0.0 0.0 0.0 0.0 0.0 0.8964173197746277 0.9724306464195251 0.8031249046325684 0.637858510017395 0.0 0.0 0.0 0.0 0.5026435852050781 0.9547857046127319 0.7225157022476196 0.8385597467422485 0.6245978474617004 0.0 0.0 0.0 0.0 0.0 0.0 0.0 0.0 0.0 0.0 
0.0 0.0 0.0 0.0 0.0 0.8619897365570068 0.9361953139305115 0.6354420185089111 0.8241324424743652 0.0 0.0 0.0 0.0 0.0 0.7648463249206543 0.6035856008529663 0.5276414752006531 0.9961245059967041 0.0 0.0 0.0 0.0 0.0 0.0 0.0 0.0 0.0 0.0 
0.0 0.0 0.0 0.0 0.0 0.725246250629425 0.8394023776054382 0.834771454334259 0.5064051151275635 0.5596523880958557 0.0 0.0 0.0 0.0 0.7150150537490845 0.6413951516151428 0.7565500736236572 0.9949190616607666 0.0 0.0 0.0 0.0 0.0 0.0 0.0 0.0 0.0 0.0 
0.0 0.0 0.0 0.0 0.0 0.0 0.9380385875701904 0.7143470048904419 0.9025783538818359 0.9938621520996094 0.0 0.0 0.0 0.0 0.0 0.6910138726234436 0.7368465662002563 0.73590087890625 0.0 0.0 0.0 0.0 0.0 0.0 0.0 0.0 0.0 0.0 
0.0 0.0 0.0 0.0 0.0 0.0 0.9128691554069519 0.9548535943031311 0.7110363841056824 0.8930026888847351 0.8052908182144165 0.0 0.0 0.0 0.6542285680770874 0.6455275416374207 0.9668324589729309 0.9385758638381958 0.0 0.0 0.0 0.0 0.0 0.0 0.0 0.0 0.0 0.0 
0.0 0.0 0.0 0.0 0.0 0.0 0.0 0.5721030235290527 0.8996554017066956 0.7703835964202881 0.8966187238693237 0.7909697890281677 0.5168534517288208 0.5845226049423218 0.6932504773139954 0.8952090740203857 0.6574796438217163 0.9310673475265503 0.0 0.0 0.0 0.0 0.0 0.0 0.0 0.0 0.0 0.0 
0.0 0.0 0.0 0.0 0.0 0.0 0.0 0.7870931625366211 0.9165946245193481 0.8907756209373474 0.7991254329681396 0.693127453327179 0.8738363981246948 0.7455098032951355 0.8765958547592163 0.8801242709159851 0.6499760746955872 0.939628005027771 0.0 0.0 0.0 0.0 0.0 0.0 0.0 0.0 0.0 0.0 
0.0 0.0 0.0 0.0 0.0 0.0 0.0 0.0 0.0 0.7300477623939514 0.8624573945999146 0.5694565773010254 0.9094110727310181 0.7145993709564209 0.667629063129425 0.7092380523681641 0.0 0.0 0.0 0.0 0.0 0.0 0.0 0.0 0.0 0.0 0.0 0.0 
0.0 0.0 0.0 0.0 0.0 0.0 0.0 0.0 0.0 0.0 0.0 0.0 0.0 0.0 0.0 0.0 0.0 0.0 0.0 0.0 0.0 0.0 0.0 0.0 0.0 0.0 0.0 0.0 
0.0 0.0 0.0 0.0 0.0 0.0 0.0 0.0 0.0 0.0 0.0 0.0 0.0 0.0 0.0 0.0 0.0 0.0 0.0 0.0 0.0 0.0 0.0 0.0 0.0 0.0 0.0 0.0 
0.0 0.0 0.0 0.0 0.0 0.0 0.0 0.0 0.0 0.0 0.0 0.0 0.0 0.0 0.0 0.0 0.0 0.0 0.0 0.0 0.0 0.0 0.0 0.0 0.0 0.0 0.0 0.0 
0.0 0.0 0.0 0.0 0.0 0.0 0.0 0.0 0.0 0.0 0.0 0.0 0.0 0.0 0.0 0.0 0.0 0.0 0.0 0.0 0.0 0.0 0.0 0.0 0.0 0.0 0.0 0.0 
